[-4,-2,0]
0,0,0,0|||
[-6,-11,0]
-1,-1,0,0|||
[-5,-11,0]
-1,-1,-1,0|||
[-4,-11,0]
-1,-1,-1,0|||
[-3,-11,0]
0,-1,-1,0|||
[-6,-10,0]
-1,-1,0,-1|||
[-5,-10,0]
-1,-1,-1,-1|||
[-4,-10,0]
-1,-1,-1,-1|||
[-3,-10,0]
0,-1,-1,-1|||
[-6,-9,0]
-1,-1,0,-1|||
[-5,-9,0]
-1,-1,-1,-1|||
[-4,-9,0]
-1,-1,-1,-1|||
[-3,-9,0]
0,-1,-1,-1|||
[-6,-8,0]
-1,-1,0,-1|||
[-5,-8,0]
-1,-1,-1,-1|||
[-4,-8,0]
-1,-1,-1,-1|||
[-3,-8,0]
0,-1,-1,-1|||
[-6,-7,0]
-1,-1,0,-1|||
[-5,-7,0]
-1,-1,-1,-1|||
[-4,-7,0]
-1,-1,-1,-1|||
[-3,-7,0]
0,-1,-1,-1|||
[-6,-6,0]
-1,-1,0,-1|||
[-5,-6,0]
-1,-1,-1,-1|||
[-4,-6,0]
-1,-1,-1,-1|||
[-3,-6,0]
0,-1,-1,-1|||
[-6,-5,0]
-1,-1,0,-1|||
[-5,-5,0]
-1,-1,-1,-1|||
[-4,-5,0]
-1,-1,-1,-1|||
[-3,-5,0]
0,-1,-1,-1|||
[-6,-4,0]
-1,0,0,-1|||
[-5,-4,0]
-1,0,-1,-1|||
[-4,-4,0]
-1,0,-1,-1|||
[-3,-4,0]
0,0,-1,-1|||
